step,P_esc
4,0.000000
8,0.000000
12,0.000000
16,0.000000
20,0.000000
24,0.000000
28,0.000000
32,0.000000
36,0.000000
40,0.000000
44,0.000000
48,0.000000
52,0.000000
56,0.000000
60,0.000000
64,0.000000
68,0.000000
72,0.000000
76,0.000000
80,0.000000
84,0.000000
88,0.000000
92,0.000000
96,0.000000
100,0.000000
104,0.000000
108,0.000000
112,0.000000
116,0.000000
120,0.000000
124,0.000000
128,0.000000
132,0.000000
136,0.000000
140,0.000000
144,0.000000
148,0.000000
152,0.000000
156,0.000000
160,0.000000
164,0.000000
168,0.000000
172,0.000000
176,0.000000
180,0.000000
184,0.000000
188,0.000000
192,0.000000
196,0.000000
200,0.000000
204,0.015000
208,0.015000
212,0.015000
216,0.015500
220,0.019000
224,0.019500
228,0.023500
232,0.025500
236,0.029500
240,0.034500
244,0.040500
248,0.044000
252,0.052500
256,0.058000
260,0.062500
264,0.068500
268,0.078000
272,0.085000
276,0.093500
280,0.100000
284,0.110500
288,0.121000
292,0.128500
296,0.141000
300,0.152000
304,0.161000
308,0.171000
312,0.177000
316,0.181500
320,0.189000
324,0.200000
328,0.206500
332,0.217000
336,0.229000
340,0.238500
344,0.249500
348,0.255500
352,0.263000
356,0.274000
360,0.282000
364,0.291000
368,0.301500
372,0.308500
376,0.318500
380,0.326000
384,0.333500
388,0.340500
392,0.347000
396,0.351500
400,0.356500
404,0.364500
408,0.370500
412,0.373000
416,0.378500
420,0.381500
424,0.392500
428,0.396500
432,0.402000
436,0.408000
440,0.413000
444,0.421000
448,0.425500
452,0.428500
456,0.436000
460,0.440500
464,0.445000
468,0.448000
472,0.451500
476,0.459500
480,0.464000
484,0.468500
488,0.473000
492,0.476000
496,0.484500
500,0.487000
504,0.491500
508,0.496000
512,0.502500
516,0.506500
520,0.512500
524,0.515500
528,0.519500
532,0.525500
536,0.530500
540,0.534000
544,0.538500
548,0.540500
552,0.546500
556,0.553000
560,0.558000
564,0.561500
568,0.566500
572,0.569000
576,0.571500
580,0.578500
584,0.583500
588,0.590500
592,0.594500
596,0.598500
600,0.603500
604,0.608500
608,0.611000
612,0.614500
616,0.617500
620,0.620000
624,0.624500
628,0.628000
632,0.632000
636,0.636500
640,0.639500
644,0.642500
648,0.646000
652,0.649500
656,0.651500
660,0.656500
664,0.661500
668,0.664500
672,0.667500
676,0.669000
680,0.673000
684,0.677000
688,0.680000
692,0.683000
696,0.687500
700,0.692500
704,0.695000
708,0.698000
712,0.701500
716,0.704000
720,0.706500
724,0.709000
728,0.711500
732,0.713500
736,0.716500
740,0.721000
744,0.723500
748,0.724500
752,0.727500
756,0.731000
760,0.732500
764,0.737500
768,0.739500
772,0.742000
776,0.743500
780,0.746000
784,0.747500
788,0.748000
792,0.751500
796,0.753500
800,0.755500
804,0.758000
808,0.762000
812,0.763000
816,0.763500
820,0.766000
824,0.767000
828,0.768000
832,0.769000
836,0.770500
840,0.774500
844,0.776500
848,0.780000
852,0.783000
856,0.784000
860,0.785000
864,0.785000
868,0.786000
872,0.787000
876,0.790000
880,0.793000
884,0.794000
888,0.795500
892,0.797000
896,0.799500
900,0.802000
904,0.806000
908,0.807500
912,0.809500
916,0.811500
920,0.812500
924,0.815000
928,0.816000
932,0.818500
936,0.819000
940,0.821000
944,0.821500
948,0.823500
952,0.826500
956,0.828000
960,0.830000
964,0.831500
968,0.832000
972,0.833500
976,0.836000
980,0.837000
984,0.838000
988,0.838500
992,0.839500
996,0.842500
1000,0.843000
1004,0.845000
1008,0.846500
1012,0.847500
1016,0.848500
1020,0.850000
1024,0.851500
1028,0.852500
1032,0.853500
1036,0.854500
1040,0.856000
1044,0.856500
1048,0.859000
1052,0.859000
1056,0.859500
1060,0.861500
1064,0.863000
1068,0.864500
1072,0.865500
1076,0.867500
1080,0.867500
1084,0.868500
1088,0.869000
1092,0.871000
1096,0.872500
1100,0.874500
1104,0.874500
1108,0.874500
1112,0.876000
1116,0.876000
1120,0.877500
1124,0.879000
1128,0.880500
1132,0.881500
1136,0.882000
1140,0.882000
1144,0.882000
1148,0.882000
1152,0.884000
1156,0.885500
1160,0.885500
1164,0.886000
1168,0.886000
1172,0.886000
1176,0.886500
1180,0.887500
1184,0.888000
1188,0.889500
1192,0.889500
1196,0.890000
1200,0.891500
1204,0.891500
1208,0.893000
1212,0.893500
1216,0.894000
1220,0.894500
1224,0.895000
1228,0.895500
1232,0.896500
1236,0.896500
1240,0.897500
1244,0.898000
1248,0.898000
1252,0.898000
1256,0.899000
1260,0.899500
1264,0.900000
1268,0.900500
1272,0.901000
1276,0.901500
1280,0.903000
1284,0.903000
1288,0.903000
1292,0.903000
1296,0.903500
1300,0.904000
1304,0.904500
1308,0.904500
1312,0.904500
1316,0.905000
1320,0.905000
1324,0.905000
1328,0.905500
1332,0.906000
1336,0.906500
1340,0.907500
1344,0.909000
1348,0.910000
1352,0.910500
1356,0.911000
1360,0.911500
1364,0.911500
1368,0.911500
1372,0.912000
1376,0.913000
1380,0.913500
1384,0.914000
1388,0.915000
1392,0.916500
1396,0.918000
1400,0.918500
1404,0.919000
1408,0.919000
1412,0.920000
1416,0.920500
1420,0.920500
1424,0.922500
1428,0.923000
1432,0.923500
1436,0.924500
1440,0.924500
1444,0.925000
1448,0.926500
1452,0.927500
1456,0.928500
1460,0.929000
1464,0.929500
1468,0.930000
1472,0.930500
1476,0.930500
1480,0.931000
1484,0.931000
1488,0.931000
1492,0.931500
1496,0.931500
1500,0.931500
1504,0.931500
1508,0.932000
1512,0.932500
1516,0.933500
1520,0.934000
1524,0.934500
1528,0.934500
1532,0.935500
1536,0.936000
1540,0.936500
1544,0.937500
1548,0.938000
1552,0.938000
1556,0.938000
1560,0.938500
1564,0.939000
1568,0.939000
1572,0.939000
1576,0.939500
1580,0.940000
1584,0.940000
1588,0.940500
1592,0.941000
1596,0.941000
1600,0.942000
1604,0.942500
1608,0.943500
1612,0.944000
1616,0.944000
1620,0.944500
1624,0.945000
1628,0.945000
1632,0.945500
1636,0.945500
1640,0.945500
1644,0.945500
1648,0.945500
1652,0.945500
1656,0.945500
1660,0.947000
1664,0.948000
1668,0.948500
1672,0.949000
1676,0.949500
1680,0.950000
1684,0.950500
1688,0.950500
1692,0.950500
1696,0.951000
1700,0.951000
1704,0.951000
1708,0.951500
1712,0.951500
1716,0.951500
1720,0.951500
1724,0.952500
1728,0.953000
1732,0.953000
1736,0.953000
1740,0.953500
1744,0.954000
1748,0.954000
1752,0.954000
1756,0.954500
1760,0.955000
1764,0.956000
1768,0.956000
1772,0.956500
1776,0.957000
1780,0.957500
1784,0.958500
1788,0.958500
1792,0.958500
1796,0.958500
1800,0.958500
1804,0.958500
1808,0.958500
1812,0.958500
1816,0.958500
1820,0.958500
1824,0.958500
1828,0.958500
1832,0.958500
1836,0.958500
1840,0.958500
1844,0.958500
1848,0.958500
1852,0.958500
1856,0.959000
1860,0.959000
1864,0.959000
1868,0.959000
1872,0.959000
1876,0.959500
1880,0.960000
1884,0.960500
1888,0.961000
1892,0.962500
1896,0.962500
1900,0.962500
1904,0.963000
1908,0.963000
1912,0.963000
1916,0.963500
1920,0.963500
1924,0.963500
1928,0.963500
1932,0.964000
1936,0.964500
1940,0.965000
1944,0.965000
1948,0.965000
1952,0.965500
1956,0.965500
1960,0.965500
1964,0.965500
1968,0.965500
1972,0.965500
1976,0.966000
1980,0.966000
1984,0.966500
1988,0.966500
1992,0.966500
1996,0.966500
2000,0.966500
2004,0.967000
2008,0.967000
2012,0.967500
2016,0.967500
2020,0.968000
2024,0.968500
2028,0.969000
2032,0.969500
2036,0.969500
2040,0.969500
2044,0.969500
2048,0.969500
2052,0.970000
2056,0.970500
2060,0.970500
2064,0.970500
2068,0.971000
2072,0.971000
2076,0.971500
2080,0.971500
2084,0.972000
2088,0.972000
2092,0.972500
2096,0.972500
2100,0.972500
2104,0.972500
2108,0.973000
2112,0.973000
2116,0.973000
2120,0.973000
2124,0.973000
2128,0.974000
2132,0.974000
2136,0.974000
2140,0.974000
2144,0.974500
2148,0.974500
2152,0.974500
2156,0.974500
2160,0.975500
2164,0.975500
2168,0.975500
2172,0.975500
2176,0.975500
2180,0.976000
2184,0.976000
2188,0.976000
2192,0.976500
2196,0.977000
2200,0.977000
2204,0.977000
2208,0.977000
2212,0.977000
2216,0.977000
2220,0.977000
2224,0.977000
2228,0.977500
2232,0.977500
2236,0.977500
2240,0.977500
2244,0.978000
2248,0.978500
2252,0.978500
2256,0.978500
2260,0.978500
2264,0.978500
2268,0.978500
2272,0.978500
2276,0.978500
2280,0.978500
2284,0.978500
2288,0.978500
2292,0.978500
2296,0.978500
2300,0.979000
2304,0.979000
2308,0.979000
2312,0.979000
2316,0.979000
2320,0.979000
2324,0.979000
2328,0.979000
2332,0.980000
2336,0.980000
2340,0.980500
2344,0.980500
2348,0.980500
2352,0.980500
2356,0.981500
2360,0.981500
2364,0.981500
2368,0.981500
2372,0.981500
2376,0.981500
2380,0.981500
2384,0.982000
2388,0.982000
2392,0.982500
2396,0.983000
2400,0.983500
2404,0.983500
2408,0.983500
2412,0.983500
2416,0.983500
2420,0.983500
2424,0.983500
2428,0.983500
2432,0.983500
2436,0.984000
2440,0.984000
2444,0.984000
2448,0.984500
2452,0.984500
2456,0.984500
2460,0.984500
2464,0.984500
2468,0.985000
2472,0.985500
2476,0.985500
2480,0.985500
2484,0.985500
2488,0.985500
2492,0.985500
2496,0.985500
2500,0.985500
2504,0.985500
2508,0.985500
2512,0.985500
2516,0.985500
2520,0.985500
2524,0.985500
2528,0.985500
2532,0.985500
2536,0.985500
2540,0.985500
2544,0.985500
2548,0.985500
2552,0.985500
2556,0.985500
2560,0.985500
2564,0.986000
2568,0.986500
2572,0.986500
2576,0.986500
2580,0.986500
2584,0.986500
2588,0.986500
2592,0.986500
2596,0.986500
2600,0.986500
2604,0.986500
2608,0.986500
2612,0.986500
2616,0.986500
2620,0.986500
2624,0.986500
2628,0.986500
2632,0.986500
2636,0.986500
2640,0.986500
2644,0.986500
2648,0.986500
2652,0.986500
2656,0.986500
2660,0.986500
2664,0.986500
2668,0.986500
2672,0.987000
2676,0.987000
2680,0.987000
2684,0.987000
2688,0.987000
2692,0.987000
2696,0.987000
2700,0.987000
2704,0.987000
2708,0.987000
2712,0.987000
2716,0.987500
2720,0.987500
2724,0.987500
2728,0.987500
2732,0.987500
2736,0.987500
2740,0.987500
2744,0.988000
2748,0.988500
2752,0.988500
2756,0.988500
2760,0.988500
2764,0.988500
2768,0.988500
2772,0.988500
2776,0.988500
2780,0.988500
2784,0.988500
2788,0.988500
2792,0.988500
2796,0.989000
2800,0.989000
2804,0.989000
2808,0.989000
2812,0.989000
2816,0.989000
2820,0.989000
2824,0.989000
2828,0.989000
2832,0.989000
2836,0.989000
2840,0.989500
2844,0.990000
2848,0.990000
2852,0.990500
2856,0.991000
2860,0.991000
2864,0.991000
2868,0.991000
2872,0.991000
2876,0.991000
2880,0.991000
2884,0.991000
2888,0.991000
2892,0.991000
2896,0.991500
2900,0.991500
2904,0.991500
2908,0.991500
2912,0.991500
2916,0.992000
2920,0.992000
2924,0.992000
2928,0.992000
2932,0.992000
2936,0.992000
2940,0.992000
2944,0.992000
2948,0.992000
2952,0.992000
2956,0.992000
2960,0.992000
2964,0.992500
2968,0.992500
2972,0.992500
2976,0.992500
2980,0.992500
2984,0.993000
2988,0.993000
2992,0.993000
2996,0.993000
3000,0.993000
3004,0.993000
3008,0.993000
3012,0.993000
3016,0.993000
3020,0.993000
3024,0.993000
3028,0.993000
3032,0.993000
3036,0.993000
3040,0.993000
3044,0.993000
3048,0.993000
3052,0.993000
3056,0.993000
3060,0.993000
3064,0.993000
3068,0.993000
3072,0.993000
3076,0.993000
3080,0.993000
3084,0.993000
3088,0.993000
3092,0.993500
3096,0.993500
3100,0.993500
3104,0.993500
3108,0.993500
3112,0.993500
3116,0.993500
3120,0.993500
3124,0.993500
3128,0.993500
3132,0.993500
3136,0.993500
3140,0.993500
3144,0.993500
3148,0.993500
3152,0.993500
3156,0.993500
3160,0.993500
3164,0.993500
3168,0.993500
3172,0.993500
3176,0.993500
3180,0.993500
3184,0.993500
3188,0.993500
3192,0.993500
3196,0.993500
3200,0.993500
3204,0.993500
3208,0.993500
3212,0.993500
3216,0.993500
3220,0.993500
3224,0.993500
3228,0.994000
3232,0.994000
3236,0.994000
3240,0.994000
3244,0.994000
3248,0.994000
3252,0.994000
3256,0.994000
3260,0.994000
3264,0.994000
3268,0.994000
3272,0.994000
3276,0.994000
3280,0.994000
3284,0.994000
3288,0.994000
3292,0.994000
3296,0.994000
3300,0.994500
3304,0.994500
3308,0.994500
3312,0.994500
3316,0.994500
3320,0.994500
3324,0.994500
3328,0.994500
3332,0.994500
3336,0.994500
3340,0.994500
3344,0.994500
3348,0.994500
3352,0.994500
3356,0.994500
3360,0.994500
3364,0.994500
3368,0.994500
3372,0.995000
3376,0.995000
3380,0.995000
3384,0.995000
3388,0.995500
3392,0.996000
3396,0.996000
3400,0.996000
3404,0.996000
3408,0.996000
3412,0.996000
3416,0.996000
3420,0.996000
3424,0.996000
3428,0.996000
3432,0.996000
3436,0.996000
3440,0.996000
3444,0.996000
3448,0.996000
3452,0.996000
3456,0.996000
3460,0.996000
3464,0.996000
3468,0.996000
3472,0.996000
3476,0.996000
3480,0.996000
3484,0.996000
3488,0.996000
3492,0.996500
3496,0.996500
3500,0.996500
3504,0.996500
3508,0.996500
3512,0.996500
3516,0.996500
3520,0.996500
3524,0.996500
3528,0.996500
3532,0.996500
3536,0.996500
3540,0.996500
3544,0.996500
3548,0.996500
3552,0.996500
3556,0.996500
3560,0.996500
3564,0.996500
3568,0.996500
3572,0.996500
3576,0.997000
3580,0.997000
3584,0.997000
3588,0.997000
3592,0.997000
3596,0.997000
3600,0.997000
3604,0.997000
3608,0.997000
3612,0.997000
3616,0.997000
3620,0.997000
3624,0.997000
3628,0.997000
3632,0.997000
3636,0.997000
3640,0.997000
3644,0.997000
3648,0.997000
3652,0.997000
3656,0.997000
3660,0.997000
3664,0.997000
3668,0.997000
3672,0.997000
3676,0.997000
3680,0.997000
3684,0.997000
3688,0.997000
3692,0.997000
3696,0.997500
3700,0.997500
3704,0.997500
3708,0.997500
3712,0.997500
3716,0.997500
3720,0.997500
3724,0.997500
3728,0.997500
3732,0.997500
3736,0.997500
3740,0.998000
3744,0.998000
3748,0.998000
3752,0.998000
3756,0.998000
3760,0.998000
3764,0.998000
3768,0.998000
3772,0.998000
3776,0.998000
3780,0.998000
3784,0.998000
3788,0.998000
3792,0.998000
3796,0.998000
3800,0.998000
3804,0.998000
3808,0.998000
3812,0.998000
3816,0.998000
3820,0.998000
3824,0.998000
3828,0.998000
3832,0.998000
3836,0.998000
3840,0.998000
3844,0.998000
3848,0.998000
3852,0.998000
3856,0.998000
3860,0.998000
3864,0.998000
3868,0.998000
3872,0.998000
3876,0.998000
3880,0.998000
3884,0.998000
3888,0.998000
3892,0.998000
3896,0.998000
3900,0.998000
3904,0.998000
3908,0.998000
3912,0.998000
3916,0.998000
3920,0.998000
3924,0.998000
3928,0.998000
3932,0.998000
3936,0.998000
3940,0.998000
3944,0.998000
3948,0.998000
3952,0.998000
3956,0.998000
3960,0.998000
3964,0.998000
3968,0.998000
3972,0.998000
3976,0.998000
3980,0.998000
3984,0.998000
3988,0.998000
3992,0.998000
3996,0.998000
4000,0.998000
4004,0.998000
4008,0.998000
4012,0.998000
4016,0.998000
4020,0.998000
4024,0.998000
4028,0.998000
4032,0.998000
4036,0.998000
4040,0.998000
4044,0.998000
4048,0.998000
4052,0.998000
4056,0.998000
4060,0.998000
4064,0.998000
4068,0.998000
4072,0.998000
4076,0.998000
4080,0.998000
4084,0.998000
4088,0.998000
4092,0.998000
4096,0.998000
4100,0.998000
4104,0.998000
4108,0.998000
4112,0.998000
4116,0.998000
4120,0.998000
4124,0.998000
4128,0.998000
4132,0.998000
4136,0.998000
4140,0.998000
4144,0.998000
4148,0.998000
4152,0.998000
4156,0.998000
4160,0.998000
4164,0.998000
4168,0.998000
4172,0.998000
4176,0.998000
4180,0.998000
4184,0.998000
4188,0.998000
4192,0.998000
4196,0.998000
4200,0.998000
4204,0.998000
4208,0.998000
4212,0.998000
4216,0.998000
4220,0.998000
4224,0.998000
4228,0.998000
4232,0.998000
4236,0.998000
4240,0.998000
4244,0.998000
4248,0.998000
4252,0.998000
4256,0.998000
4260,0.998000
4264,0.998000
4268,0.998000
4272,0.998000
4276,0.998000
4280,0.998000
4284,0.998000
4288,0.998000
4292,0.998000
4296,0.998000
4300,0.998000
4304,0.998000
4308,0.998000
4312,0.998000
4316,0.998000
4320,0.998000
4324,0.998000
4328,0.998000
4332,0.998000
4336,0.998000
4340,0.998000
4344,0.998000
4348,0.998000
4352,0.998000
4356,0.998000
4360,0.998000
4364,0.998000
4368,0.998000
4372,0.998000
4376,0.998000
4380,0.998000
4384,0.998000
4388,0.998000
4392,0.998000
4396,0.998000
4400,0.998000
4404,0.998000
4408,0.998000
4412,0.998000
4416,0.998000
4420,0.998000
4424,0.998000
4428,0.998000
4432,0.998000
4436,0.998000
4440,0.998000
4444,0.998000
4448,0.998000
4452,0.998000
4456,0.998000
4460,0.998000
4464,0.998000
4468,0.998000
4472,0.998000
4476,0.998000
4480,0.998000
4484,0.998000
4488,0.998000
4492,0.998000
4496,0.998000
4500,0.998000
4504,0.998000
4508,0.998000
4512,0.998000
4516,0.998000
4520,0.998000
4524,0.998000
4528,0.998000
4532,0.998000
4536,0.998000
4540,0.998000
4544,0.998000
4548,0.998000
4552,0.998000
4556,0.998000
4560,0.998000
4564,0.998000
4568,0.998000
4572,0.998000
4576,0.998000
4580,0.998000
4584,0.998000
4588,0.998000
4592,0.998000
4596,0.998000
4600,0.998000
4604,0.998000
4608,0.998000
4612,0.998000
4616,0.998000
4620,0.998000
4624,0.998000
4628,0.998000
4632,0.998000
4636,0.998000
4640,0.998000
4644,0.998000
4648,0.998000
4652,0.998000
4656,0.998000
4660,0.998000
4664,0.998000
4668,0.998000
4672,0.998500
4676,0.998500
4680,0.998500
4684,0.998500
4688,0.998500
4692,0.998500
4696,0.998500
4700,0.998500
4704,0.998500
4708,0.998500
4712,0.998500
4716,0.998500
4720,0.998500
4724,0.998500
4728,0.998500
4732,0.998500
4736,0.998500
4740,0.998500
4744,0.998500
4748,0.998500
4752,0.998500
4756,0.998500
4760,0.998500
4764,0.998500
4768,0.998500
4772,0.998500
4776,0.998500
4780,0.998500
4784,0.999000
4788,0.999000
4792,0.999000
4796,0.999000
4800,0.999000
4804,0.999000
4808,0.999000
4812,0.999000
4816,0.999000
4820,0.999000
4824,0.999000
4828,0.999000
4832,0.999000
4836,0.999000
4840,0.999000
4844,0.999000
4848,0.999000
4852,0.999000
4856,0.999000
4860,0.999000
4864,0.999000
4868,0.999000
4872,0.999000
4876,0.999000
4880,0.999000
4884,0.999000
4888,0.999000
4892,0.999000
4896,0.999000
4900,0.999000
4904,0.999000
4908,0.999000
4912,0.999000
4916,0.999000
4920,0.999000
4924,0.999000
4928,0.999000
4932,0.999000
4936,0.999000
4940,0.999000
4944,0.999000
4948,0.999000
4952,0.999000
4956,0.999000
4960,0.999000
4964,0.999000
4968,0.999000
4972,0.999000
4976,0.999000
4980,0.999000
4984,0.999000
4988,0.999000
4992,0.999000
4996,0.999000
5000,0.999000
5004,0.999000
5008,0.999000
5012,0.999000
5016,0.999000
5020,0.999000
5024,0.999000
5028,0.999000
5032,0.999000
5036,0.999000
5040,0.999000
5044,0.999000
5048,0.999000
5052,0.999000
5056,0.999000
5060,0.999000
5064,0.999000
5068,0.999000
5072,0.999000
5076,0.999000
5080,0.999000
5084,0.999000
5088,0.999000
5092,0.999000
5096,0.999000
5100,0.999000
5104,0.999000
5108,0.999000
5112,0.999000
5116,0.999000
5120,0.999000
5124,0.999000
5128,0.999000
5132,0.999000
5136,0.999000
5140,0.999000
5144,0.999000
5148,0.999000
5152,0.999000
5156,0.999000
5160,0.999000
5164,0.999000
5168,0.999000
5172,0.999000
5176,0.999000
5180,0.999000
5184,0.999000
5188,0.999000
5192,0.999000
5196,0.999000
5200,0.999000
5204,0.999000
5208,0.999000
5212,0.999000
5216,0.999000
5220,0.999000
5224,0.999000
5228,0.999000
5232,0.999000
5236,0.999000
5240,0.999000
5244,0.999000
5248,0.999000
5252,0.999000
5256,0.999000
5260,0.999000
5264,0.999000
5268,0.999000
5272,0.999000
5276,0.999000
5280,0.999000
5284,0.999000
5288,0.999000
5292,0.999000
5296,0.999000
5300,0.999000
5304,0.999000
5308,0.999000
5312,0.999000
5316,0.999000
5320,0.999000
5324,0.999000
5328,0.999000
5332,0.999000
5336,0.999000
5340,0.999000
5344,0.999000
5348,0.999000
5352,0.999000
5356,0.999000
5360,0.999000
5364,0.999000
5368,0.999000
5372,0.999000
5376,0.999000
5380,0.999000
5384,0.999000
5388,0.999000
5392,0.999000
5396,0.999000
5400,0.999000
5404,0.999000
5408,0.999000
5412,0.999000
5416,0.999000
5420,0.999000
5424,0.999000
5428,0.999000
5432,0.999000
5436,0.999000
5440,0.999000
5444,0.999000
5448,0.999000
5452,0.999000
5456,0.999000
5460,0.999000
5464,0.999000
5468,0.999000
5472,0.999000
5476,0.999000
5480,0.999000
5484,0.999000
5488,0.999000
5492,0.999000
5496,0.999000
5500,0.999000
5504,0.999000
5508,0.999000
5512,0.999000
5516,0.999000
5520,0.999000
5524,0.999000
5528,0.999000
5532,0.999000
5536,0.999000
5540,0.999000
5544,0.999000
5548,0.999000
5552,0.999000
5556,0.999000
5560,0.999000
5564,0.999000
5568,0.999000
5572,0.999000
5576,0.999000
5580,0.999000
5584,0.999000
5588,0.999000
5592,0.999000
5596,0.999000
5600,0.999000
5604,0.999000
5608,0.999000
5612,0.999000
5616,0.999000
5620,0.999000
5624,0.999000
5628,0.999000
5632,0.999000
5636,0.999000
5640,0.999000
5644,0.999000
5648,0.999000
5652,0.999000
5656,0.999000
5660,0.999000
5664,0.999000
5668,0.999000
5672,0.999000
5676,0.999000
5680,0.999000
5684,0.999000
5688,0.999000
5692,0.999000
5696,0.999000
5700,0.999000
5704,0.999000
5708,0.999000
5712,0.999000
5716,0.999000
5720,0.999000
5724,0.999000
5728,0.999000
5732,0.999000
5736,0.999000
5740,0.999000
5744,0.999000
5748,0.999000
5752,0.999000
5756,0.999000
5760,0.999000
5764,0.999000
5768,0.999000
5772,0.999000
5776,0.999000
5780,0.999000
5784,0.999000
5788,0.999000
5792,0.999000
5796,0.999000
5800,0.999000
5804,0.999000
5808,0.999000
5812,0.999000
5816,0.999000
5820,0.999000
5824,0.999000
5828,0.999000
5832,0.999000
5836,0.999000
5840,0.999000
5844,0.999000
5848,0.999000
5852,0.999000
5856,0.999000
5860,0.999000
5864,0.999000
5868,0.999000
5872,0.999000
5876,0.999000
5880,0.999000
5884,0.999000
5888,0.999000
5892,0.999000
5896,0.999000
5900,0.999000
5904,0.999000
5908,0.999000
5912,0.999000
5916,0.999000
5920,0.999000
5924,0.999000
5928,0.999000
5932,0.999000
5936,0.999000
5940,0.999000
5944,0.999000
5948,0.999000
5952,0.999000
5956,0.999000
5960,0.999000
5964,0.999000
5968,0.999000
5972,0.999000
5976,0.999000
5980,0.999000
5984,0.999000
5988,0.999000
5992,0.999000
5996,0.999000
6000,0.999000
6004,0.999000
6008,0.999000
6012,0.999000
6016,0.999000
6020,0.999000
6024,0.999000
6028,0.999000
6032,0.999000
6036,0.999000
6040,0.999000
6044,0.999000
6048,0.999000
6052,0.999000
6056,0.999000
6060,0.999000
6064,0.999000
6068,0.999000
6072,0.999000
6076,0.999000
6080,0.999000
6084,0.999000
6088,0.999000
6092,0.999000
6096,0.999000
6100,0.999000
6104,0.999000
6108,0.999000
6112,0.999000
6116,0.999000
6120,0.999000
6124,0.999000
6128,0.999000
6132,0.999000
6136,0.999000
6140,0.999000
6144,0.999000
6148,0.999000
6152,0.999000
6156,0.999000
6160,0.999000
6164,0.999000
6168,0.999000
6172,0.999000
6176,0.999000
6180,0.999000
6184,0.999000
6188,0.999000
6192,0.999000
6196,0.999000
6200,0.999000
6204,0.999000
6208,0.999000
6212,0.999000
6216,0.999000
6220,0.999000
6224,0.999000
6228,0.999000
6232,0.999000
6236,0.999000
6240,0.999000
6244,0.999000
6248,0.999000
6252,0.999000
6256,0.999000
6260,0.999000
6264,0.999000
6268,0.999000
6272,0.999000
6276,0.999000
6280,0.999000
6284,0.999000
6288,0.999000
6292,0.999000
6296,0.999000
6300,0.999000
6304,0.999000
6308,0.999000
6312,0.999000
6316,0.999000
6320,0.999000
6324,0.999000
6328,0.999000
6332,0.999000
6336,0.999000
6340,0.999000
6344,0.999000
6348,0.999000
6352,0.999000
6356,0.999000
6360,0.999000
6364,0.999000
6368,0.999000
6372,0.999000
6376,0.999000
6380,0.999000
6384,0.999000
6388,0.999000
6392,0.999000
6396,0.999000
6400,0.999000
6404,0.999000
6408,0.999000
6412,0.999000
6416,0.999000
6420,0.999000
6424,0.999000
6428,0.999000
6432,0.999000
6436,0.999000
6440,0.999000
6444,0.999000
6448,0.999000
6452,0.999000
6456,0.999000
6460,0.999000
6464,0.999000
6468,0.999000
6472,0.999000
6476,0.999000
6480,0.999000
6484,0.999000
6488,0.999000
6492,0.999000
6496,0.999000
6500,0.999000
6504,0.999000
6508,0.999000
6512,0.999000
6516,0.999000
6520,0.999000
6524,0.999000
6528,0.999000
6532,0.999000
6536,0.999000
6540,0.999000
6544,0.999000
6548,0.999000
6552,0.999000
6556,0.999000
6560,0.999000
6564,0.999000
6568,0.999000
6572,0.999000
6576,0.999000
6580,0.999000
6584,0.999000
6588,0.999000
6592,0.999000
6596,0.999000
6600,0.999000
6604,0.999000
6608,0.999000
6612,0.999000
6616,0.999000
6620,0.999000
6624,0.999000
6628,0.999000
6632,0.999000
6636,0.999000
6640,0.999000
6644,0.999000
6648,0.999000
6652,0.999000
6656,0.999000
6660,0.999000
6664,0.999000
6668,0.999000
6672,0.999000
6676,0.999000
6680,0.999000
6684,0.999000
6688,0.999000
6692,0.999000
6696,0.999000
6700,0.999000
6704,0.999000
6708,0.999000
6712,0.999000
6716,0.999000
6720,0.999000
6724,0.999000
6728,0.999000
6732,0.999000
6736,0.999000
6740,0.999000
6744,0.999000
6748,0.999000
6752,0.999000
6756,0.999000
6760,0.999000
6764,0.999000
6768,0.999000
6772,0.999000
6776,0.999000
6780,0.999000
6784,0.999000
6788,0.999000
6792,0.999000
6796,0.999000
6800,0.999000
6804,0.999000
6808,0.999000
6812,0.999000
6816,0.999000
6820,0.999000
6824,0.999000
6828,0.999000
6832,0.999000
6836,0.999000
6840,0.999000
6844,0.999000
6848,0.999000
6852,0.999000
6856,0.999000
6860,0.999000
6864,0.999000
6868,0.999000
6872,0.999000
6876,0.999000
6880,0.999000
6884,0.999000
6888,0.999000
6892,0.999000
6896,0.999000
6900,0.999000
6904,0.999000
6908,0.999000
6912,0.999000
6916,0.999000
6920,0.999000
6924,0.999000
6928,0.999000
6932,0.999000
6936,0.999000
6940,0.999000
6944,0.999000
6948,0.999000
6952,0.999000
6956,0.999000
6960,0.999000
6964,0.999000
6968,0.999000
6972,0.999000
6976,0.999000
6980,0.999000
6984,0.999000
6988,0.999000
6992,0.999000
6996,0.999000
7000,0.999000
7004,0.999000
7008,0.999000
7012,0.999000
7016,0.999000
7020,0.999000
7024,0.999000
7028,0.999000
7032,0.999000
7036,0.999000
7040,0.999000
7044,0.999000
7048,0.999000
7052,0.999000
7056,0.999000
7060,0.999000
7064,0.999000
7068,0.999000
7072,0.999000
7076,0.999000
7080,0.999000
7084,0.999000
7088,0.999000
7092,0.999000
7096,0.999000
7100,0.999000
7104,0.999000
7108,0.999000
7112,0.999000
7116,0.999000
7120,0.999000
7124,0.999000
7128,0.999000
7132,0.999000
7136,0.999000
7140,0.999000
7144,0.999000
7148,0.999000
7152,0.999000
7156,0.999000
7160,0.999000
7164,0.999000
7168,0.999000
7172,0.999000
7176,0.999000
7180,0.999000
7184,0.999000
7188,0.999000
7192,0.999000
7196,0.999000
7200,0.999000
7204,0.999000
7208,0.999000
7212,0.999000
7216,0.999000
7220,0.999000
7224,0.999000
7228,0.999000
7232,0.999000
7236,0.999000
7240,0.999000
7244,0.999000
7248,0.999000
7252,0.999000
7256,0.999000
7260,0.999000
7264,0.999000
7268,0.999000
7272,0.999000
7276,0.999000
7280,0.999000
7284,0.999000
7288,0.999000
7292,0.999000
7296,0.999000
7300,0.999000
7304,0.999000
7308,0.999000
7312,0.999000
7316,0.999000
7320,0.999000
7324,0.999000
7328,0.999000
7332,0.999000
7336,0.999000
7340,0.999000
7344,0.999000
7348,0.999000
7352,0.999000
7356,0.999000
7360,0.999000
7364,0.999000
7368,0.999000
7372,0.999000
7376,0.999000
7380,0.999000
7384,0.999000
7388,0.999000
7392,0.999000
7396,0.999000
7400,0.999000
7404,0.999000
7408,0.999000
7412,0.999000
7416,0.999000
7420,0.999000
7424,0.999000
7428,0.999000
7432,0.999000
7436,0.999000
7440,0.999000
7444,0.999000
7448,0.999000
7452,0.999000
7456,0.999000
7460,0.999000
7464,0.999000
7468,0.999000
7472,0.999000
7476,0.999000
7480,0.999000
7484,0.999000
7488,0.999000
7492,0.999000
7496,0.999000
7500,0.999000
7504,0.999000
7508,0.999000
7512,0.999000
7516,0.999000
7520,0.999000
7524,0.999000
7528,0.999000
7532,0.999000
7536,0.999000
7540,0.999000
7544,0.999000
7548,0.999000
7552,0.999000
7556,0.999000
7560,0.999000
7564,0.999000
7568,0.999000
7572,0.999000
7576,0.999000
7580,0.999000
7584,0.999000
7588,0.999000
7592,0.999000
7596,0.999000
7600,0.999000
7604,0.999000
7608,0.999000
7612,0.999000
7616,0.999000
7620,0.999000
7624,0.999000
7628,0.999000
7632,0.999000
7636,0.999000
7640,0.999000
7644,0.999000
7648,0.999000
7652,0.999000
7656,0.999000
7660,0.999000
7664,0.999000
7668,0.999000
7672,0.999000
7676,0.999000
7680,0.999000
7684,0.999000
7688,0.999000
7692,0.999000
7696,0.999000
7700,0.999000
7704,0.999000
7708,0.999000
7712,0.999000
7716,0.999000
7720,0.999000
7724,0.999000
7728,0.999000
7732,0.999000
7736,0.999000
7740,0.999000
7744,0.999000
7748,0.999000
7752,0.999000
7756,0.999000
7760,0.999000
7764,0.999000
7768,0.999000
7772,0.999000
7776,0.999000
7780,0.999000
7784,0.999000
7788,0.999000
7792,0.999000
7796,0.999000
7800,0.999000
7804,0.999000
7808,0.999000
7812,0.999000
7816,0.999000
7820,0.999000
7824,0.999000
7828,0.999000
7832,0.999000
7836,0.999000
7840,0.999000
7844,0.999000
7848,0.999000
7852,0.999000
7856,0.999000
7860,0.999000
7864,0.999000
7868,0.999000
7872,0.999000
7876,0.999000
7880,0.999000
7884,0.999000
7888,0.999000
7892,0.999000
7896,0.999000
7900,0.999000
7904,0.999000
7908,0.999000
7912,0.999000
7916,0.999000
7920,0.999000
7924,0.999000
7928,0.999000
7932,0.999000
7936,0.999000
7940,0.999000
7944,0.999000
7948,0.999000
7952,0.999000
7956,0.999000
7960,0.999000
7964,0.999000
7968,0.999000
7972,0.999000
7976,0.999500
7980,0.999500
7984,0.999500
7988,0.999500
7992,0.999500
7996,0.999500
8000,0.999500
8004,0.999500
8008,0.999500
8012,0.999500
8016,0.999500
8020,0.999500
8024,0.999500
8028,0.999500
8032,0.999500
8036,0.999500
8040,0.999500
8044,0.999500
8048,0.999500
8052,0.999500
8056,0.999500
8060,0.999500
8064,0.999500
8068,0.999500
8072,0.999500
8076,0.999500
8080,0.999500
8084,0.999500
8088,0.999500
8092,0.999500
8096,0.999500
8100,0.999500
8104,0.999500
8108,0.999500
8112,0.999500
8116,0.999500
8120,0.999500
8124,0.999500
8128,0.999500
8132,0.999500
8136,0.999500
8140,0.999500
8144,0.999500
8148,0.999500
8152,0.999500
8156,0.999500
8160,0.999500
8164,0.999500
8168,0.999500
8172,0.999500
8176,0.999500
8180,0.999500
8184,0.999500
8188,0.999500
8192,0.999500
8196,0.999500
8200,0.999500
8204,0.999500
8208,0.999500
8212,0.999500
8216,0.999500
8220,0.999500
8224,0.999500
8228,0.999500
8232,0.999500
8236,0.999500
8240,0.999500
8244,0.999500
8248,0.999500
8252,0.999500
8256,0.999500
8260,0.999500
8264,0.999500
8268,0.999500
8272,0.999500
8276,0.999500
8280,0.999500
8284,0.999500
8288,0.999500
8292,0.999500
8296,0.999500
8300,0.999500
8304,0.999500
8308,0.999500
8312,0.999500
8316,0.999500
8320,0.999500
8324,0.999500
8328,0.999500
8332,0.999500
8336,0.999500
8340,0.999500
8344,0.999500
8348,0.999500
8352,0.999500
8356,0.999500
8360,0.999500
8364,0.999500
8368,0.999500
8372,0.999500
8376,0.999500
8380,0.999500
8384,0.999500
8388,0.999500
8392,0.999500
8396,0.999500
8400,0.999500
8404,0.999500
8408,0.999500
8412,0.999500
8416,0.999500
8420,0.999500
8424,0.999500
8428,0.999500
8432,0.999500
8436,0.999500
8440,0.999500
8444,0.999500
8448,0.999500
8452,0.999500
8456,0.999500
8460,0.999500
8464,0.999500
8468,0.999500
8472,0.999500
8476,0.999500
8480,0.999500
8484,0.999500
8488,0.999500
8492,0.999500
8496,0.999500
8500,0.999500
8504,0.999500
8508,0.999500
8512,0.999500
8516,0.999500
8520,0.999500
8524,0.999500
8528,0.999500
8532,0.999500
8536,0.999500
8540,0.999500
8544,0.999500
8548,0.999500
8552,0.999500
8556,0.999500
8560,0.999500
8564,0.999500
8568,0.999500
8572,0.999500
8576,0.999500
8580,0.999500
8584,0.999500
8588,0.999500
8592,0.999500
8596,0.999500
8600,0.999500
8604,0.999500
8608,0.999500
8612,0.999500
8616,0.999500
8620,0.999500
8624,0.999500
8628,0.999500
8632,0.999500
8636,0.999500
8640,0.999500
8644,0.999500
8648,0.999500
8652,0.999500
8656,0.999500
8660,0.999500
8664,0.999500
8668,0.999500
8672,0.999500
8676,0.999500
8680,0.999500
8684,0.999500
8688,0.999500
8692,0.999500
8696,0.999500
8700,0.999500
8704,0.999500
8708,0.999500
8712,0.999500
8716,0.999500
8720,0.999500
8724,0.999500
8728,0.999500
8732,0.999500
8736,0.999500
8740,0.999500
8744,0.999500
8748,0.999500
8752,0.999500
8756,0.999500
8760,0.999500
8764,0.999500
8768,0.999500
8772,0.999500
8776,0.999500
8780,0.999500
8784,0.999500
8788,0.999500
8792,0.999500
8796,0.999500
8800,0.999500
8804,0.999500
8808,0.999500
8812,0.999500
8816,0.999500
8820,0.999500
8824,0.999500
8828,0.999500
8832,0.999500
8836,0.999500
8840,0.999500
8844,0.999500
8848,0.999500
8852,0.999500
8856,0.999500
8860,0.999500
8864,0.999500
8868,0.999500
8872,0.999500
8876,0.999500
8880,0.999500
8884,0.999500
8888,0.999500
8892,0.999500
8896,0.999500
8900,0.999500
8904,0.999500
8908,0.999500
8912,0.999500
8916,0.999500
8920,0.999500
8924,0.999500
8928,0.999500
8932,0.999500
8936,0.999500
8940,0.999500
8944,0.999500
8948,0.999500
8952,0.999500
8956,0.999500
8960,0.999500
8964,0.999500
8968,0.999500
8972,0.999500
8976,0.999500
8980,0.999500
8984,0.999500
8988,0.999500
8992,0.999500
8996,0.999500
9000,0.999500
9004,0.999500
9008,0.999500
9012,0.999500
9016,0.999500
9020,0.999500
9024,0.999500
9028,0.999500
9032,0.999500
9036,0.999500
9040,0.999500
9044,0.999500
9048,0.999500
9052,0.999500
9056,0.999500
9060,0.999500
9064,0.999500
9068,0.999500
9072,0.999500
9076,0.999500
9080,0.999500
9084,0.999500
9088,0.999500
9092,0.999500
9096,0.999500
9100,0.999500
9104,0.999500
9108,0.999500
9112,0.999500
9116,0.999500
9120,0.999500
9124,0.999500
9128,0.999500
9132,0.999500
9136,0.999500
9140,0.999500
9144,0.999500
9148,0.999500
9152,0.999500
9156,0.999500
9160,0.999500
9164,0.999500
9168,0.999500
9172,0.999500
9176,0.999500
9180,0.999500
9184,0.999500
9188,0.999500
9192,0.999500
9196,0.999500
9200,0.999500
9204,0.999500
9208,0.999500
9212,0.999500
9216,0.999500
9220,0.999500
9224,0.999500
9228,0.999500
9232,0.999500
9236,0.999500
9240,0.999500
9244,0.999500
9248,0.999500
9252,0.999500
9256,0.999500
9260,0.999500
9264,0.999500
9268,0.999500
9272,0.999500
9276,0.999500
9280,0.999500
9284,0.999500
9288,0.999500
9292,0.999500
9296,0.999500
9300,0.999500
9304,0.999500
9308,0.999500
9312,0.999500
9316,0.999500
9320,0.999500
9324,0.999500
9328,0.999500
9332,0.999500
9336,0.999500
9340,0.999500
9344,0.999500
9348,0.999500
9352,0.999500
9356,0.999500
9360,0.999500
9364,0.999500
9368,0.999500
9372,0.999500
9376,0.999500
9380,0.999500
9384,0.999500
9388,0.999500
9392,0.999500
9396,0.999500
9400,0.999500
9404,0.999500
9408,0.999500
9412,0.999500
9416,0.999500
9420,0.999500
9424,0.999500
9428,0.999500
9432,0.999500
9436,0.999500
9440,0.999500
9444,0.999500
9448,0.999500
9452,0.999500
9456,0.999500
9460,0.999500
9464,0.999500
9468,0.999500
9472,0.999500
9476,0.999500
9480,0.999500
9484,0.999500
9488,0.999500
9492,0.999500
9496,0.999500
9500,0.999500
9504,0.999500
9508,0.999500
9512,0.999500
9516,0.999500
9520,0.999500
9524,0.999500
9528,0.999500
9532,0.999500
9536,0.999500
9540,0.999500
9544,0.999500
9548,0.999500
9552,0.999500
9556,0.999500
9560,0.999500
9564,0.999500
9568,0.999500
9572,0.999500
9576,0.999500
9580,0.999500
9584,0.999500
9588,0.999500
9592,0.999500
9596,0.999500
9600,0.999500
9604,0.999500
9608,0.999500
9612,0.999500
9616,0.999500
9620,0.999500
9624,0.999500
9628,0.999500
9632,0.999500
9636,0.999500
9640,0.999500
9644,0.999500
9648,0.999500
9652,0.999500
9656,0.999500
9660,0.999500
9664,0.999500
9668,0.999500
9672,0.999500
9676,0.999500
9680,0.999500
9684,0.999500
9688,0.999500
9692,0.999500
9696,0.999500
9700,0.999500
9704,0.999500
9708,0.999500
9712,0.999500
9716,0.999500
9720,0.999500
9724,0.999500
9728,0.999500
9732,0.999500
9736,0.999500
9740,0.999500
9744,0.999500
9748,0.999500
9752,0.999500
9756,0.999500
9760,0.999500
9764,0.999500
9768,0.999500
9772,0.999500
9776,0.999500
9780,0.999500
9784,0.999500
9788,0.999500
9792,0.999500
9796,0.999500
9800,0.999500
9804,0.999500
9808,0.999500
9812,0.999500
9816,0.999500
9820,0.999500
9824,0.999500
9828,0.999500
9832,0.999500
9836,0.999500
9840,0.999500
9844,0.999500
9848,0.999500
9852,0.999500
9856,0.999500
9860,0.999500
9864,0.999500
9868,0.999500
9872,0.999500
9876,0.999500
9880,0.999500
9884,0.999500
9888,0.999500
9892,0.999500
9896,0.999500
9900,0.999500
9904,0.999500
9908,0.999500
9912,0.999500
9916,0.999500
9920,0.999500
9924,0.999500
9928,0.999500
9932,0.999500
9936,0.999500
9940,0.999500
9944,0.999500
9948,0.999500
9952,0.999500
9956,0.999500
9960,0.999500
9964,0.999500
9968,0.999500
9972,0.999500
9976,0.999500
9980,0.999500
9984,0.999500
9988,0.999500
9992,0.999500
9996,0.999500
10000,0.999500
